tessina_output_serial.qgis
ncols		496
nrows		610
xllcorner	0.0
yllcorner	0.0
cellsize	10.0
NODATA_value	0.0
[rows 280 to 307 of 610, columns 0 to 62 of 496]
-0.029991 0.002688 0.005879 0.008630 0.010986 0.013234 0.015439 0.017417 0.018925 0.020262 0.021201 0.020560 0.018618 0.017495 0.016498 0.016271 0.016233 0.016281 0.016540 0.016860 0.017186 0.017501 0.017799 0.018124 0.018523 0.018996 0.019507 0.019997 0.020441 0.020831 0.021093 0.021242 0.021360 0.021457 0.021476 0.021418 0.021267 0.020996 0.021001 0.020604 0.020206 0.019783 0.019721 0.019560 0.019771 0.020089 0.020401 0.020716 0.021042 0.021372 0.021707 0.022064 0.022462 0.022926 0.023479 0.024141 0.024907 0.025709 0.026435 0.026951 0.026557 0.026114 0.025664
-0.030361 0.002439 0.005185 0.007604 0.009764 0.011936 0.014262 0.016898 0.019660 0.021852 0.023324 0.023901 0.023183 0.021750 0.020128 0.018998 0.018105 0.017487 0.017243 0.017258 0.017477 0.017702 0.017931 0.018167 0.018457 0.018829 0.019282 0.019775 0.020243 0.020647 0.020996 0.021261 0.021397 0.021445 0.021416 0.021296 0.021076 0.020858 0.020552 0.020202 0.019920 0.019562 0.019394 0.019349 0.019602 0.019918 0.020251 0.020602 0.020965 0.021321 0.021667 0.022012 0.022385 0.022837 0.023433 0.024221 0.025170 0.026127 0.026891 0.027417 0.026955 0.026382 0.025716
-0.053124 0.002227 0.004575 0.006671 0.008589 0.010539 0.012691 0.015168 0.017912 0.020580 0.022918 0.024500 0.025589 0.024317 0.022797 0.021247 0.019833 0.018700 0.017937 0.017571 0.017681 0.017857 0.018047 0.018235 0.018444 0.018721 0.019092 0.019540 0.020019 0.020495 0.020906 0.021178 0.021319 0.021346 0.021248 0.021094 0.020859 0.020592 0.020303 0.019932 0.019601 0.019304 0.019058 0.019108 0.019377 0.019704 0.020056 0.020406 0.020785 0.021183 0.021573 0.021946 0.022319 0.022741 0.023285 0.024011 0.024899 0.025796 0.026503 0.026995 0.026567 0.026001 0.025367
-0.079557 0.002076 0.004121 0.005922 0.007551 0.009224 0.011089 0.013285 0.015815 0.018508 0.021070 0.023179 0.024514 0.025637 0.024383 0.022851 0.021250 0.019782 0.018632 0.017930 0.017804 0.017970 0.018143 0.018304 0.018468 0.018675 0.018961 0.019337 0.019777 0.020249 0.020679 0.021010 0.021196 0.021197 0.021051 0.020843 0.020612 0.020297 0.019980 0.019654 0.019280 0.018954 0.018694 0.018806 0.019107 0.019453 0.019822 0.020179 0.020567 0.020982 0.021415 0.021835 0.022239 0.022652 0.023137 0.023760 0.024535 0.025367 0.026075 0.026554 0.026143 0.025606 0.025012
-0.071471 0.001906 0.003656 0.005253 0.006691 0.008111 0.009663 0.011507 0.013690 0.016130 0.018631 0.020956 0.022863 0.024243 0.022993 0.021663 0.020238 0.018990 0.018091 0.017604 0.017684 0.017891 0.018133 0.018341 0.018515 0.018698 0.018924 0.019217 0.019583 0.020014 0.020440 0.020795 0.021018 0.020978 0.020797 0.020573 0.020312 0.019996 0.019667 0.019277 0.018975 0.018601 0.018375 0.018518 0.018813 0.019164 0.019553 0.019921 0.020318 0.020745 0.021197 0.021664 0.022129 0.022607 0.023137 0.023758 0.024460 0.025153 0.025693 0.026107 0.025735 0.025225 0.024652
-0.054127 0.001959 0.003725 0.005131 0.006209 0.007265 0.008504 0.009999 0.011790 0.013848 0.016063 0.018278 0.020322 0.022044 0.021430 0.020226 0.019037 0.018070 0.017426 0.017226 0.017446 0.017699 0.017982 0.018264 0.018519 0.018751 0.018990 0.019252 0.019562 0.019926 0.020292 0.020597 0.020835 0.020737 0.020538 0.020276 0.019978 0.019649 0.019309 0.018936 0.018552 0.018247 0.017979 0.018184 0.018501 0.018863 0.019257 0.019636 0.020042 0.020480 0.020946 0.021440 0.021972 0.022552 0.023215 0.023972 0.024769 0.025465 0.025877 0.025744 0.025392 0.024870 0.024295
-0.027045 0.002115 0.004028 0.005237 0.005941 0.006661 0.007621 0.008812 0.010238 0.011890 0.013715 0.015631 0.017517 0.019241 0.019572 0.018555 0.017694 0.017041 0.016728 0.016825 0.017102 0.017414 0.017749 0.018091 0.018431 0.018760 0.019068 0.019363 0.019653 0.019932 0.020193 0.020419 0.020615 0.020478 0.020260 0.019974 0.019635 0.019277 0.018904 0.018535 0.018184 0.017848 0.017615 0.017851 0.018181 0.018548 0.018940 0.019330 0.019747 0.020194 0.020671 0.021177 0.021713 0.022301 0.022965 0.023719 0.024514 0.025221 0.025657 0.025458 0.025083 0.024536 0.023939
-0.022348 0.002027 0.003779 0.004894 0.005571 0.006185 0.006946 0.007905 0.009042 0.010345 0.011791 0.013351 0.014955 0.016457 0.017484 0.016952 0.016435 0.016114 0.016113 0.016381 0.016701 0.017059 0.017442 0.017835 0.018223 0.018610 0.018989 0.019313 0.019594 0.019861 0.020117 0.020321 0.020366 0.020201 0.019955 0.019642 0.019281 0.018897 0.018500 0.018110 0.017749 0.017413 0.017162 0.017441 0.017807 0.018203 0.018607 0.019009 0.019437 0.019895 0.020382 0.020903 0.021473 0.022142 0.022941 0.023859 0.024777 0.025498 0.025950 0.025554 0.024975 0.024240 0.023548
-0.016375 0.002012 0.003685 0.004657 0.005217 0.005755 0.006405 0.007211 0.008143 0.009180 0.010315 0.011554 0.012869 0.014171 0.015311 0.015411 0.015284 0.015297 0.015553 0.015892 0.016260 0.016660 0.017083 0.017517 0.017948 0.018367 0.018758 0.019094 0.019415 0.019710 0.019991 0.020171 0.020081 0.019891 0.019625 0.019284 0.018908 0.018502 0.018089 0.017679 0.017298 0.016969 0.016749 0.017048 0.017429 0.017837 0.018259 0.018673 0.019114 0.019585 0.020087 0.020616 0.021185 0.021837 0.022614 0.023502 0.024372 0.025070 0.025556 0.025118 0.024488 0.023760 0.023074
-0.013462 0.002110 0.003788 0.004529 0.004913 0.005367 0.005945 0.006651 0.007446 0.008307 0.009230 0.010232 0.011308 0.012419 0.013417 0.014028 0.014280 0.014595 0.014973 0.015370 0.015791 0.016233 0.016693 0.017162 0.017628 0.018077 0.018489 0.018834 0.019158 0.019479 0.019766 0.019938 0.019768 0.019545 0.019264 0.018902 0.018509 0.018086 0.017655 0.017226 0.016833 0.016518 0.016356 0.016656 0.017042 0.017462 0.017898 0.018324 0.018777 0.019263 0.019785 0.020338 0.020946 0.021657 0.022472 0.023320 0.024051 0.024603 0.025055 0.024563 0.023900 0.023193 0.022553
-0.010451 0.001902 0.003380 0.004207 0.004640 0.005029 0.005551 0.006190 0.006895 0.007638 0.008424 0.009270 0.010178 0.011142 0.012077 0.012865 0.013413 0.013896 0.014358 0.014823 0.015299 0.015788 0.016285 0.016787 0.017283 0.017756 0.018191 0.018549 0.018880 0.019265 0.019518 0.019612 0.019425 0.019187 0.018881 0.018504 0.018082 0.017638 0.017185 0.016750 0.016366 0.016062 0.015994 0.016289 0.016672 0.017089 0.017526 0.017962 0.018426 0.018924 0.019465 0.020063 0.020766 0.021531 0.022298 0.023006 0.023621 0.024127 0.024433 0.023889 0.023236 0.022588 0.022016
-0.009911 0.001785 0.003099 0.003903 0.004384 0.004760 0.005227 0.005814 0.006453 0.007114 0.007815 0.008563 0.009367 0.010221 0.011082 0.011894 0.012583 0.013177 0.013724 0.014258 0.014791 0.015327 0.015866 0.016401 0.016925 0.017423 0.017877 0.018252 0.018590 0.018978 0.019321 0.019263 0.019067 0.018816 0.018481 0.018078 0.017637 0.017177 0.016714 0.016284 0.015906 0.015611 0.015643 0.015936 0.016303 0.016715 0.017145 0.017590 0.018064 0.018572 0.019120 0.019720 0.020385 0.021108 0.021842 0.022530 0.023129 0.023606 0.023684 0.023144 0.022555 0.021995 0.021497
-0.010543 0.001718 0.003013 0.003760 0.004216 0.004648 0.005121 0.005626 0.006149 0.006726 0.007350 0.008028 0.008760 0.009530 0.010323 0.011102 0.011822 0.012479 0.013091 0.013685 0.014270 0.014854 0.015433 0.016005 0.016558 0.017081 0.017556 0.017952 0.018330 0.018657 0.018987 0.018903 0.018699 0.018420 0.018066 0.017644 0.017182 0.016705 0.016242 0.015825 0.015465 0.015173 0.015302 0.015577 0.015936 0.016335 0.016759 0.017210 0.017694 0.018213 0.018770 0.019368 0.020013 0.020700 0.021395 0.022035 0.022579 0.023017 0.022898 0.022429 0.021931 0.021455 0.021017
0.000458 0.002835 0.003687 0.004094 0.004383 0.004715 0.005105 0.005512 0.005941 0.006425 0.006987 0.007609 0.008282 0.008987 0.009718 0.010447 0.011155 0.011829 0.012478 0.013114 0.013742 0.014366 0.014985 0.015593 0.016179 0.016730 0.017231 0.017644 0.018025 0.018352 0.018659 0.018543 0.018326 0.018029 0.017643 0.017201 0.016725 0.016251 0.015799 0.015387 0.015037 0.014758 0.014941 0.015219 0.015562 0.015952 0.016371 0.016825 0.017316 0.017848 0.018425 0.019030 0.019663 0.020329 0.021004 0.021628 0.022104 0.022448 0.022215 0.021837 0.021412 0.020991 0.020584
0.057109 0.004262 0.004247 0.004323 0.004504 0.004755 0.005041 0.005338 0.005701 0.006145 0.006665 0.007252 0.007874 0.008528 0.009205 0.009888 0.010568 0.011235 0.011897 0.012555 0.013210 0.013865 0.014518 0.015160 0.015778 0.016363 0.016896 0.017359 0.017733 0.018045 0.018324 0.018192 0.017941 0.017604 0.017199 0.016732 0.016251 0.015779 0.015330 0.014919 0.014595 0.014355 0.014562 0.014845 0.015179 0.015565 0.015982 0.016437 0.016929 0.017472 0.018075 0.018733 0.019488 0.020304 0.021068 0.021612 0.021850 0.022008 0.021762 0.021400 0.021004 0.020601 0.020195
0.177100 0.005139 0.004687 0.004461 0.004581 0.004761 0.004953 0.005169 0.005458 0.005842 0.006339 0.006896 0.007492 0.008110 0.008744 0.009390 0.010040 0.010691 0.011349 0.012012 0.012682 0.013357 0.014034 0.014703 0.015352 0.015968 0.016535 0.017030 0.017470 0.017908 0.017989 0.017809 0.017531 0.017161 0.016723 0.016242 0.015753 0.015268 0.014812 0.014418 0.014125 0.013916 0.014162 0.014447 0.014789 0.015175 0.015593 0.016047 0.016536 0.017074 0.017695 0.018455 0.019410 0.020431 0.021324 0.021885 0.021899 0.021760 0.021462 0.021092 0.020690 0.020268 0.019835
0.182084 0.005018 0.004580 0.004389 0.004535 0.004703 0.004859 0.005024 0.005239 0.005554 0.005990 0.006520 0.007102 0.007700 0.008311 0.008930 0.009555 0.010187 0.010832 0.011490 0.012162 0.012846 0.013536 0.014224 0.014893 0.015537 0.016162 0.016650 0.017073 0.017458 0.017632 0.017386 0.017069 0.016680 0.016223 0.015736 0.015242 0.014756 0.014294 0.013917 0.013637 0.013462 0.013731 0.014036 0.014390 0.014781 0.015204 0.015659 0.016140 0.016662 0.017253 0.017960 0.018818 0.019789 0.020734 0.021473 0.021878 0.021679 0.021377 0.020913 0.020432 0.019956 0.019483
0.170256 0.004094 0.004137 0.004245 0.004420 0.004606 0.004774 0.004924 0.005088 0.005323 0.005684 0.006159 0.006712 0.007295 0.007890 0.008492 0.009102 0.009714 0.010344 0.010989 0.011654 0.012336 0.013028 0.013725 0.014406 0.015068 0.015703 0.016223 0.016746 0.017086 0.017212 0.016946 0.016596 0.016178 0.015710 0.015224 0.014736 0.014264 0.013826 0.013465 0.013173 0.012988 0.013264 0.013598 0.013976 0.014385 0.014816 0.015271 0.015747 0.016251 0.016804 0.017441 0.018199 0.019074 0.019991 0.020814 0.021402 0.021571 0.021181 0.020671 0.020124 0.019606 0.019111
-0.003604 0.002616 0.003583 0.004012 0.004268 0.004491 0.004686 0.004849 0.004989 0.005174 0.005456 0.005858 0.006356 0.006912 0.007490 0.008083 0.008674 0.009271 0.009882 0.010511 0.011160 0.011829 0.012515 0.013208 0.013897 0.014596 0.015205 0.015761 0.016313 0.016757 0.016754 0.016447 0.016084 0.015658 0.015192 0.014725 0.014268 0.013826 0.013414 0.013067 0.012779 0.012583 0.012837 0.013174 0.013565 0.013985 0.014430 0.014887 0.015360 0.015851 0.016372 0.016947 0.017605 0.018362 0.019191 0.020001 0.020676 0.021114 0.020692 0.020223 0.019708 0.019201 0.018718
0.077803 0.003232 0.003579 0.003888 0.004165 0.004400 0.004604 0.004790 0.004958 0.005125 0.005337 0.005645 0.006074 0.006588 0.007137 0.007707 0.008277 0.008860 0.009450 0.010057 0.010685 0.011334 0.012003 0.012685 0.013374 0.014070 0.014707 0.015286 0.015806 0.016242 0.016241 0.015933 0.015567 0.015137 0.014682 0.014234 0.013806 0.013399 0.013026 0.012690 0.012430 0.012235 0.012471 0.012787 0.013173 0.013602 0.014053 0.014511 0.014981 0.015464 0.015965 0.016495 0.017074 0.017721 0.018431 0.019162 0.019839 0.020387 0.020118 0.019699 0.019237 0.018774 0.018327
0.120233 0.003464 0.003671 0.003879 0.004082 0.004281 0.004486 0.004682 0.004875 0.005076 0.005293 0.005562 0.005920 0.006358 0.006845 0.007377 0.007921 0.008480 0.009048 0.009632 0.010235 0.010858 0.011503 0.012164 0.012869 0.013533 0.014202 0.014806 0.015314 0.015718 0.015736 0.015447 0.015063 0.014631 0.014180 0.013749 0.013350 0.012982 0.012653 0.012349 0.012110 0.011984 0.012174 0.012475 0.012839 0.013251 0.013693 0.014149 0.014616 0.015093 0.015581 0.016086 0.016615 0.017178 0.017782 0.018411 0.019014 0.019538 0.019539 0.019172 0.018774 0.018370 0.017964
0.107827 0.003345 0.003532 0.003738 0.003943 0.004144 0.004343 0.004544 0.004748 0.004956 0.005177 0.005438 0.005760 0.006152 0.006598 0.007086 0.007601 0.008133 0.008677 0.009238 0.009816 0.010413 0.011030 0.011671 0.012338 0.013025 0.013709 0.014340 0.014859 0.015240 0.015288 0.014983 0.014590 0.014144 0.013698 0.013283 0.012910 0.012578 0.012284 0.012023 0.011798 0.011683 0.011895 0.012183 0.012527 0.012923 0.013355 0.013806 0.014270 0.014742 0.015223 0.015715 0.016214 0.016729 0.017265 0.017809 0.018335 0.018775 0.018997 0.018699 0.018379 0.018029 0.017651
0.017161 0.003159 0.003347 0.003556 0.003767 0.003972 0.004173 0.004375 0.004582 0.004797 0.005020 0.005267 0.005565 0.005930 0.006354 0.006826 0.007317 0.007823 0.008344 0.008882 0.009438 0.010013 0.010605 0.011242 0.011868 0.012547 0.013237 0.013887 0.014433 0.014817 0.014861 0.014537 0.014123 0.013672 0.013234 0.012839 0.012491 0.012186 0.011918 0.011684 0.011482 0.011402 0.011620 0.011897 0.012230 0.012615 0.013038 0.013484 0.013944 0.014413 0.014890 0.015373 0.015861 0.016358 0.016855 0.017356 0.017840 0.018260 0.018539 0.018339 0.018100 0.017769 0.017395
0.008762 0.002843 0.003090 0.003328 0.003555 0.003770 0.003977 0.004180 0.004389 0.004603 0.004828 0.005068 0.005347 0.005687 0.006102 0.006568 0.007047 0.007538 0.008039 0.008557 0.009094 0.009651 0.010227 0.010822 0.011447 0.012114 0.012800 0.013458 0.014020 0.014419 0.014428 0.014089 0.013666 0.013218 0.012794 0.012420 0.012095 0.011810 0.011558 0.011334 0.011134 0.011083 0.011308 0.011591 0.011928 0.012314 0.012736 0.013181 0.013639 0.014107 0.014582 0.015062 0.015549 0.016033 0.016528 0.017021 0.017493 0.017920 0.018247 0.018394 0.018067 0.017634 0.017186
0.030396 0.002385 0.002749 0.003050 0.003310 0.003542 0.003758 0.003964 0.004169 0.004380 0.004601 0.004839 0.005115 0.005445 0.005848 0.006308 0.006791 0.007273 0.007757 0.008257 0.008778 0.009317 0.009892 0.010453 0.011069 0.011724 0.012407 0.013064 0.013623 0.014016 0.013979 0.013635 0.013214 0.012777 0.012373 0.012020 0.011715 0.011446 0.011204 0.010983 0.010784 0.010757 0.010987 0.011278 0.011623 0.012016 0.012443 0.012892 0.013352 0.013822 0.014297 0.014778 0.015265 0.015752 0.016249 0.016776 0.017397 0.018069 0.018570 0.018694 0.018318 0.017822 0.017230
-0.103090 0.001685 0.002339 0.002735 0.003039 0.003296 0.003523 0.003731 0.003929 0.004130 0.004345 0.004585 0.004867 0.005194 0.005596 0.006055 0.006543 0.007021 0.007496 0.007981 0.008490 0.009022 0.009568 0.010130 0.010731 0.011375 0.012058 0.012723 0.013270 0.013641 0.013531 0.013194 0.012780 0.012357 0.011973 0.011639 0.011350 0.011092 0.010854 0.010632 0.010431 0.010427 0.010662 0.010960 0.011315 0.011718 0.012155 0.012612 0.013079 0.013553 0.014032 0.014516 0.015007 0.015542 0.016186 0.016960 0.017812 0.018570 0.019124 0.018987 0.018594 0.017950 0.017177
0.165614 0.001693 0.002033 0.002430 0.002763 0.003041 0.003279 0.003487 0.003676 0.003864 0.004068 0.004307 0.004595 0.004941 0.005352 0.005812 0.006310 0.006790 0.007252 0.007723 0.008219 0.008756 0.009292 0.009917 0.010612 0.011351 0.012056 0.012617 0.013007 0.013316 0.013116 0.012782 0.012372 0.011963 0.011596 0.011278 0.010999 0.010745 0.010506 0.010282 0.010079 0.010102 0.010338 0.010643 0.011008 0.011421 0.011870 0.012341 0.012819 0.013298 0.013786 0.014309 0.014900 0.015609 0.016464 0.017421 0.018355 0.019112 0.019602 0.019268 0.018729 0.017862 0.016941
-0.003266 0.001375 0.001806 0.002172 0.002504 0.002790 0.003034 0.003242 0.003423 0.003596 0.003787 0.004022 0.004320 0.004687 0.005111 0.005590 0.006094 0.006566 0.007018 0.007482 0.007976 0.008500 0.009089 0.009747 0.010452 0.011161 0.011804 0.012323 0.012720 0.013000 0.012752 0.012402 0.011996 0.011599 0.011244 0.010935 0.010660 0.010405 0.010163 0.009935 0.009732 0.009788 0.010022 0.010331 0.010704 0.011127 0.011586 0.012072 0.012576 0.013111 0.013676 0.014297 0.015027 0.015910 0.016922 0.017964 0.018878 0.019481 0.019867 0.019323 0.018471 0.017473 0.016546
