tessina_output_serial.qgis
ncols		496
nrows		610
xllcorner	0.0
yllcorner	0.0
cellsize	10.0
NODATA_value	0.0
[rows 196 to 223 of 610, columns 63 to 125 of 496]
-0.000394 0.001023 0.001055 0.001082 0.001110 0.001137 0.001163 0.001186 0.001209 0.001230 0.001222 0.001206 0.001188 0.001171 0.001154 0.001139 0.001127 0.001117 0.001109 0.001103 0.001097 0.001090 0.001081 0.001072 0.001064 0.001057 0.001050 0.001040 0.001023 0.001028 0.001057 0.001129 0.001196 0.001258 0.001322 0.001389 0.001456 0.001526 0.001594 0.001656 0.001711 0.001759 0.001798 0.001826 0.001815 0.001791 0.001766 0.001741 0.001716 0.001690 0.001664 0.001638 0.001611 0.001585 0.001558 0.001532 0.001506 0.001481 0.001455 0.001431 0.001406 0.001382 0.001359
-0.008982 0.001017 0.001051 0.001085 0.001120 0.001154 0.001185 0.001216 0.001244 0.001269 0.001254 0.001234 0.001214 0.001194 0.001175 0.001156 0.001140 0.001125 0.001114 0.001104 0.001092 0.001081 0.001069 0.001058 0.001048 0.001039 0.001029 0.001015 -0.018787 -0.022772 -0.018589 0.001064 0.001154 0.001235 0.001318 0.001402 0.001489 0.001573 0.001650 0.001718 0.001778 0.001828 0.001869 0.001884 0.001862 0.001836 0.001809 0.001782 0.001754 0.001725 0.001697 0.001668 0.001640 0.001611 0.001583 0.001555 0.001527 0.001499 0.001472 0.001445 0.001419 0.001393 0.001369
-0.008230 0.001020 0.001059 0.001099 0.001140 0.001179 0.001217 0.001255 0.001289 0.001315 0.001290 0.001266 0.001242 0.001218 0.001195 0.001173 0.001152 0.001135 0.001118 0.001101 0.001084 0.001068 0.001054 0.001041 0.001031 0.001021 0.001010 -0.019833 -0.028632 -0.028762 -0.017994 0.001049 0.001147 0.001246 0.001345 0.001444 0.001544 0.001638 0.001722 0.001796 0.001858 0.001909 0.001944 0.001943 0.001914 0.001886 0.001856 0.001826 0.001795 0.001764 0.001733 0.001702 0.001671 0.001640 0.001610 0.001579 0.001549 0.001519 0.001490 0.001462 0.001433 0.001406 0.001379
-0.008214 0.001021 0.001066 0.001113 0.001160 0.001210 0.001260 0.001306 0.001345 0.001368 0.001336 0.001304 0.001273 0.001243 0.001215 0.001188 0.001165 0.001141 0.001117 0.001091 0.001069 0.001051 0.001036 0.001023 0.001012 0.001006 -0.020444 -0.026242 -0.027568 -0.028076 -0.018231 0.001055 0.001166 0.001278 0.001390 0.001505 0.001618 0.001721 0.001811 0.001888 0.001951 0.002001 0.002020 0.002004 0.001972 0.001939 0.001907 0.001874 0.001840 0.001807 0.001773 0.001739 0.001706 0.001672 0.001639 0.001607 0.001574 0.001542 0.001511 0.001480 0.001450 0.001420 0.001392
-0.012843 -0.003736 0.001042 0.001119 0.001191 0.001257 0.001318 0.001371 0.001417 0.001430 0.001391 0.001349 0.001309 0.001270 0.001235 0.001204 0.001172 0.001138 0.001104 0.001074 0.001050 0.001031 0.001014 0.001007 -0.016589 -0.026568 -0.023669 -0.025102 -0.026604 -0.027280 -0.026182 0.001060 0.001185 0.001316 0.001447 0.001588 0.001715 0.001825 0.001918 0.001996 0.002058 0.002096 0.002098 0.002069 0.002034 0.001998 0.001962 0.001926 0.001889 0.001853 0.001816 0.001780 0.001744 0.001708 0.001672 0.001637 0.001602 0.001567 0.001534 0.001501 0.001468 0.001436 0.001405
-0.012427 -0.003294 0.001052 0.001153 0.001246 0.001323 0.001391 0.001451 0.001503 0.001507 0.001458 0.001406 0.001353 0.001302 0.001257 0.001217 0.001173 0.001125 0.001081 0.001047 0.001027 0.001011 -0.002062 -0.024573 -0.022276 -0.024045 -0.024808 -0.024797 -0.025727 -0.026436 -0.027000 -0.010479 0.001115 0.001335 0.001540 0.001703 0.001838 0.001950 0.002043 0.002117 0.002172 0.002192 0.002177 0.002139 0.002101 0.002062 0.002022 0.001983 0.001943 0.001903 0.001863 0.001824 0.001785 0.001746 0.001707 0.001670 0.001632 0.001595 0.001559 0.001524 0.001489 0.001455 0.001422
-0.012167 -0.000154 0.001098 0.001229 0.001325 0.001407 0.001480 0.001545 0.001603 0.001601 0.001542 0.001477 0.001408 0.001341 0.001281 0.001224 0.001162 0.001098 0.001039 0.001015 0.001007 -0.003468 -0.021000 -0.022542 -0.022793 -0.022907 -0.023731 -0.024286 -0.024810 -0.025698 -0.026297 -0.002649 0.001210 0.001487 0.001690 0.001853 0.001986 0.002094 0.002182 0.002251 0.002288 0.002289 0.002259 0.002217 0.002174 0.002131 0.002088 0.002044 0.002001 0.001958 0.001915 0.001872 0.001830 0.001788 0.001746 0.001706 0.001665 0.001626 0.001587 0.001549 0.001512 0.001476 0.001440
-0.008962 0.001090 0.001217 0.001328 0.001422 0.001507 0.001583 0.001652 0.001716 0.001715 0.001647 0.001569 0.001483 0.001390 0.001306 0.001222 0.001132 0.001049 -0.004281 -0.009157 -0.014300 -0.017699 -0.019183 -0.020442 -0.021369 -0.022083 -0.022772 -0.023451 -0.023995 -0.024802 -0.014744 0.001190 0.001457 0.001687 0.001874 0.002028 0.002154 0.002256 0.002336 0.002388 0.002406 0.002389 0.002346 0.002300 0.002253 0.002205 0.002158 0.002111 0.002063 0.002017 0.001970 0.001924 0.001878 0.001833 0.001789 0.001745 0.001702 0.001660 0.001618 0.001578 0.001538 0.001499 0.001461
0.001089 0.001219 0.001336 0.001439 0.001533 0.001619 0.001699 0.001772 0.001841 0.001849 0.001772 0.001685 0.001585 0.001468 0.001334 0.001205 0.001075 -0.004244 -0.013250 -0.014174 -0.015199 -0.016389 -0.017672 -0.018885 -0.020114 -0.021084 -0.021871 -0.022528 -0.023232 -0.014756 0.001194 0.001464 0.001705 0.001910 0.002081 0.002224 0.002340 0.002433 0.002496 0.002527 0.002527 0.002492 0.002440 0.002389 0.002338 0.002286 0.002234 0.002182 0.002131 0.002080 0.002030 0.001980 0.001931 0.001882 0.001835 0.001788 0.001742 0.001696 0.001652 0.001609 0.001566 0.001525 0.001484
0.001225 0.001349 0.001462 0.001562 0.001656 0.001744 0.001826 0.001903 0.001976 0.001999 0.001918 0.001826 0.001720 0.001591 0.001425 0.001186 -0.000039 -0.011230 -0.012220 -0.013141 -0.014144 -0.015216 -0.016361 -0.017689 -0.018965 -0.020223 -0.021115 -0.021565 -0.014626 0.001205 0.001492 0.001743 0.001962 0.002150 0.002307 0.002438 0.002543 0.002615 0.002659 0.002670 0.002651 0.002600 0.002543 0.002486 0.002429 0.002372 0.002316 0.002260 0.002204 0.002149 0.002095 0.002041 0.001988 0.001936 0.001884 0.001834 0.001785 0.001737 0.001689 0.001643 0.001598 0.001553 0.001510
0.001368 0.001487 0.001596 0.001694 0.001789 0.001879 0.001964 0.002044 0.002122 0.002160 0.002081 0.001988 0.001881 0.001753 0.001598 0.001404 0.001172 -0.003137 -0.011094 -0.012008 -0.012964 -0.013962 -0.015197 -0.016562 -0.018006 -0.019498 -0.020629 -0.012589 0.001228 0.001531 0.001796 0.002032 0.002234 0.002407 0.002551 0.002668 0.002752 0.002802 0.002824 0.002815 0.002778 0.002715 0.002653 0.002590 0.002527 0.002466 0.002404 0.002343 0.002283 0.002223 0.002164 0.002106 0.002049 0.001993 0.001938 0.001885 0.001832 0.001780 0.001730 0.001680 0.001632 0.001585 0.001539
0.001516 0.001632 0.001739 0.001837 0.001932 0.002024 0.002111 0.002195 0.002277 0.002329 0.002260 0.002169 0.002064 0.001941 0.001797 0.001626 0.001425 0.001188 -0.002661 -0.006847 -0.009164 -0.011693 -0.013946 -0.015322 -0.015176 -0.011318 0.000001 0.001261 0.001587 0.001869 0.002117 0.002333 0.002523 0.002681 0.002811 0.002904 0.002966 0.002993 0.002993 0.002964 0.002911 0.002841 0.002771 0.002702 0.002633 0.002566 0.002499 0.002432 0.002367 0.002302 0.002239 0.002177 0.002115 0.002055 0.001996 0.001939 0.001882 0.001827 0.001774 0.001721 0.001670 0.001620 0.001571
0.001671 0.001784 0.001890 0.001988 0.002085 0.002178 0.002268 0.002355 0.002441 0.002505 0.002447 0.002368 0.002265 0.002147 0.002013 0.001860 0.001684 0.001483 0.001239 0.001152 0.001149 0.001126 0.001036 0.001008 0.001146 0.001207 0.001336 0.001678 0.001965 0.002218 0.002448 0.002652 0.002830 0.002973 0.003078 0.003146 0.003183 0.003189 0.003164 0.003118 0.003050 0.002975 0.002898 0.002822 0.002747 0.002673 0.002600 0.002528 0.002457 0.002388 0.002319 0.002252 0.002186 0.002122 0.002059 0.001997 0.001937 0.001878 0.001821 0.001765 0.001711 0.001657 0.001606
0.001833 0.001945 0.002050 0.002148 0.002246 0.002341 0.002433 0.002524 0.002613 0.002689 0.002643 0.002578 0.002482 0.002370 0.002244 0.002103 0.001947 0.001777 0.001593 0.001457 0.001449 0.001403 0.001265 0.001290 0.001475 0.001622 0.001831 0.002095 0.002345 0.002578 0.002792 0.002987 0.003161 0.003272 0.003350 0.003391 0.003405 0.003389 0.003339 0.003275 0.003197 0.003116 0.003033 0.002950 0.002868 0.002787 0.002708 0.002630 0.002554 0.002479 0.002405 0.002333 0.002262 0.002193 0.002126 0.002060 0.001996 0.001933 0.001872 0.001813 0.001755 0.001699 0.001644
0.002002 0.002112 0.002217 0.002316 0.002415 0.002512 0.002607 0.002701 0.002794 0.002881 0.002847 0.002797 0.002711 0.002611 0.002489 0.002355 0.002212 0.002061 0.001903 0.001765 0.001756 0.001712 0.001595 0.001656 0.001854 0.002041 0.002264 0.002498 0.002727 0.002945 0.003151 0.003343 0.003499 0.003576 0.003627 0.003642 0.003630 0.003592 0.003518 0.003438 0.003352 0.003265 0.003175 0.003085 0.002996 0.002909 0.002824 0.002740 0.002657 0.002577 0.002497 0.002420 0.002344 0.002270 0.002198 0.002127 0.002059 0.001992 0.001927 0.001864 0.001803 0.001743 0.001685
0.002176 0.002284 0.002389 0.002490 0.002591 0.002691 0.002790 0.002887 0.002985 0.003081 0.003061 0.003025 0.002950 0.002864 0.002751 0.002617 0.002481 0.002341 0.002199 0.002079 0.002070 0.002037 0.001966 0.002049 0.002249 0.002455 0.002673 0.002894 0.003111 0.003321 0.003523 0.003719 0.003841 0.003886 0.003908 0.003898 0.003858 0.003796 0.003704 0.003610 0.003516 0.003422 0.003326 0.003229 0.003133 0.003039 0.002947 0.002856 0.002768 0.002681 0.002595 0.002512 0.002431 0.002352 0.002275 0.002200 0.002127 0.002056 0.001987 0.001920 0.001854 0.001791 0.001730
0.002354 0.002463 0.002568 0.002673 0.002776 0.002879 0.002981 0.003083 0.003185 0.003289 0.003284 0.003263 0.003200 0.003128 0.003026 0.002891 0.002756 0.002626 0.002501 0.002399 0.002395 0.002375 0.002348 0.002448 0.002652 0.002861 0.003075 0.003290 0.003501 0.003707 0.003908 0.004108 0.004188 0.004202 0.004195 0.004159 0.004091 0.004004 0.003898 0.003795 0.003692 0.003589 0.003485 0.003381 0.003278 0.003177 0.003078 0.002980 0.002885 0.002791 0.002700 0.002611 0.002524 0.002439 0.002357 0.002277 0.002199 0.002123 0.002050 0.001979 0.001910 0.001843 0.001778
0.002538 0.002648 0.002756 0.002863 0.002969 0.003075 0.003182 0.003289 0.003396 0.003506 0.003516 0.003509 0.003460 0.003402 0.003311 0.003175 0.003043 0.002922 0.002813 0.002727 0.002730 0.002728 0.002733 0.002851 0.003056 0.003266 0.003477 0.003688 0.003897 0.004100 0.004303 0.004499 0.004545 0.004524 0.004487 0.004424 0.004329 0.004220 0.004106 0.003993 0.003880 0.003767 0.003655 0.003543 0.003433 0.003324 0.003217 0.003112 0.003010 0.002909 0.002811 0.002716 0.002623 0.002532 0.002444 0.002359 0.002276 0.002195 0.002118 0.002042 0.001969 0.001898 0.001829
0.002730 0.002841 0.002952 0.003062 0.003171 0.003282 0.003393 0.003505 0.003618 0.003733 0.003758 0.003765 0.003730 0.003687 0.003607 0.003469 0.003340 0.003228 0.003137 0.003062 0.003075 0.003092 0.003123 0.003256 0.003462 0.003671 0.003882 0.004092 0.004300 0.004498 0.004698 0.004886 0.004912 0.004855 0.004786 0.004694 0.004575 0.004450 0.004326 0.004203 0.004080 0.003957 0.003836 0.003716 0.003597 0.003480 0.003365 0.003253 0.003142 0.003035 0.002930 0.002827 0.002728 0.002631 0.002537 0.002446 0.002358 0.002272 0.002190 0.002110 0.002032 0.001957 0.001885
0.002929 0.003042 0.003156 0.003269 0.003383 0.003498 0.003614 0.003732 0.003852 0.003973 0.004010 0.004031 0.004010 0.003981 0.003912 0.003774 0.003647 0.003545 0.003471 0.003405 0.003430 0.003467 0.003517 0.003663 0.003871 0.004081 0.004292 0.004502 0.004712 0.004901 0.005103 0.005277 0.005281 0.005196 0.005092 0.004970 0.004832 0.004696 0.004561 0.004426 0.004293 0.004160 0.004029 0.003899 0.003771 0.003645 0.003522 0.003401 0.003283 0.003168 0.003055 0.002946 0.002840 0.002736 0.002636 0.002539 0.002445 0.002354 0.002266 0.002181 0.002099 0.002020 0.001943
0.003135 0.003251 0.003368 0.003486 0.003605 0.003726 0.003848 0.003972 0.004098 0.004225 0.004275 0.004308 0.004300 0.004285 0.004226 0.004088 0.003963 0.003873 0.003817 0.003755 0.003793 0.003849 0.003915 0.004075 0.004283 0.004494 0.004706 0.004918 0.005128 0.005308 0.005514 0.005681 0.005648 0.005550 0.005407 0.005259 0.005108 0.004959 0.004811 0.004664 0.004519 0.004375 0.004234 0.004094 0.003956 0.003821 0.003689 0.003559 0.003432 0.003309 0.003189 0.003072 0.002958 0.002848 0.002741 0.002638 0.002538 0.002441 0.002348 0.002258 0.002171 0.002087 0.002006
0.003350 0.003470 0.003591 0.003714 0.003839 0.003966 0.004095 0.004225 0.004358 0.004492 0.004552 0.004596 0.004600 0.004597 0.004549 0.004411 0.004288 0.004209 0.004174 0.004114 0.004164 0.004238 0.004319 0.004490 0.004700 0.004912 0.005125 0.005338 0.005547 0.005724 0.005934 0.006093 0.006027 0.005910 0.005737 0.005568 0.005403 0.005239 0.005077 0.004918 0.004760 0.004604 0.004451 0.004300 0.004152 0.004007 0.003865 0.003726 0.003590 0.003458 0.003330 0.003205 0.003084 0.002966 0.002852 0.002742 0.002636 0.002534 0.002435 0.002339 0.002247 0.002158 0.002073
0.003574 0.003699 0.003825 0.003955 0.004086 0.004219 0.004355 0.004493 0.004633 0.004774 0.004842 0.004896 0.004911 0.004918 0.004879 0.004742 0.004620 0.004554 0.004541 0.004481 0.004542 0.004632 0.004729 0.004910 0.005121 0.005334 0.005548 0.005761 0.005968 0.006150 0.006364 0.006516 0.006424 0.006277 0.006090 0.005903 0.005719 0.005539 0.005362 0.005188 0.005016 0.004848 0.004682 0.004519 0.004360 0.004204 0.004052 0.003903 0.003758 0.003616 0.003479 0.003346 0.003216 0.003091 0.002970 0.002853 0.002740 0.002631 0.002526 0.002425 0.002328 0.002234 0.002143
0.003808 0.003939 0.004072 0.004208 0.004346 0.004487 0.004630 0.004776 0.004924 0.005072 0.005146 0.005208 0.005232 0.005247 0.005217 0.005080 0.004958 0.004906 0.004919 0.004854 0.004927 0.005030 0.005145 0.005334 0.005545 0.005758 0.005973 0.006188 0.006393 0.006586 0.006805 0.006954 0.006839 0.006667 0.006468 0.006266 0.006060 0.005863 0.005668 0.005477 0.005290 0.005107 0.004928 0.004752 0.004580 0.004413 0.004249 0.004090 0.003935 0.003784 0.003637 0.003495 0.003357 0.003224 0.003095 0.002970 0.002850 0.002735 0.002623 0.002516 0.002413 0.002314 0.002218
0.004054 0.004192 0.004332 0.004475 0.004621 0.004771 0.004922 0.005077 0.005234 0.005386 0.005464 0.005533 0.005564 0.005586 0.005563 0.005425 0.005304 0.005262 0.005306 0.005236 0.005318 0.005433 0.005567 0.005763 0.005971 0.006186 0.006403 0.006619 0.006827 0.007033 0.007259 0.007407 0.007277 0.007092 0.006877 0.006654 0.006431 0.006212 0.005999 0.005789 0.005584 0.005385 0.005190 0.005000 0.004814 0.004634 0.004459 0.004288 0.004122 0.003960 0.003804 0.003652 0.003505 0.003363 0.003226 0.003094 0.002967 0.002844 0.002726 0.002612 0.002503 0.002398 0.002297
0.004314 0.004458 0.004606 0.004758 0.004913 0.005071 0.005232 0.005396 0.005562 0.005718 0.005798 0.005871 0.005908 0.005934 0.005917 0.005777 0.005658 0.005622 0.005698 0.005626 0.005715 0.005840 0.005994 0.006195 0.006402 0.006619 0.006838 0.007058 0.007272 0.007492 0.007725 0.007879 0.007744 0.007560 0.007320 0.007076 0.006838 0.006593 0.006358 0.006127 0.005902 0.005683 0.005470 0.005264 0.005063 0.004869 0.004680 0.004497 0.004319 0.004147 0.003980 0.003818 0.003662 0.003511 0.003365 0.003224 0.003089 0.002959 0.002834 0.002713 0.002598 0.002487 0.002381
0.004587 0.004739 0.004896 0.005057 0.005221 0.005389 0.005560 0.005734 0.005910 0.006068 0.006149 0.006222 0.006263 0.006292 0.006278 0.006138 0.006021 0.005986 0.006091 0.006025 0.006119 0.006253 0.006426 0.006630 0.006839 0.007060 0.007282 0.007508 0.007732 0.007964 0.008204 0.008373 0.008246 0.008076 0.007806 0.007547 0.007281 0.007013 0.006751 0.006495 0.006246 0.006005 0.005772 0.005547 0.005329 0.005119 0.004915 0.004719 0.004528 0.004344 0.004166 0.003993 0.003827 0.003666 0.003511 0.003362 0.003218 0.003080 0.002948 0.002820 0.002698 0.002581 0.002468
0.004874 0.005036 0.005202 0.005373 0.005547 0.005725 0.005907 0.006092 0.006279 0.006439 0.006516 0.006588 0.006630 0.006659 0.006648 0.006507 0.006393 0.006355 0.006484 0.006431 0.006528 0.006672 0.006862 0.007069 0.007284 0.007509 0.007738 0.007971 0.008208 0.008452 0.008701 0.008893 0.008788 0.008650 0.008353 0.008061 0.007767 0.007478 0.007183 0.006899 0.006623 0.006356 0.006099 0.005851 0.005614 0.005385 0.005165 0.004953 0.004749 0.004552 0.004362 0.004178 0.004001 0.003830 0.003665 0.003507 0.003354 0.003208 0.003067 0.002933 0.002803 0.002680 0.002561
