tessina_output_serial.qgis
ncols		496
nrows		610
xllcorner	0.0
yllcorner	0.0
cellsize	10.0
NODATA_value	0.0
[rows 336 to 363 of 610, columns 63 to 125 of 496]
0.006471 0.006398 0.006389 0.006518 0.006655 0.006773 0.006652 0.006488 0.006280 0.006047 0.005811 0.005580 0.005371 0.005208 0.005376 0.005442 0.005264 0.005090 0.004998 0.005111 0.005268 0.005422 0.005569 0.005704 0.005837 0.005966 0.005911 0.005783 0.005825 0.005822 0.005851 0.005898 0.005950 0.005892 0.005780 0.005609 0.005342 0.005061 0.004733 0.004391 0.004029 0.003699 0.003387 0.003100 0.002834 0.002587 0.002357 0.002145 0.001949 0.001768 0.001603 0.001451 0.001312 0.001187 0.001069 0.000612 0.000000 0.000000 0.000000 0.000000 0.000000 0.000000 0.000000
0.006227 0.006144 0.006138 0.006256 0.006380 0.006454 0.006300 0.006115 0.005903 0.005675 0.005438 0.005219 0.005026 0.004862 0.005009 0.005062 0.004900 0.004744 0.004668 0.004795 0.004960 0.005125 0.005286 0.005435 0.005575 0.005708 0.005658 0.005533 0.005586 0.005623 0.005689 0.005754 0.005813 0.005754 0.005636 0.005478 0.005278 0.004955 0.004582 0.004210 0.003864 0.003534 0.003237 0.002961 0.002705 0.002468 0.002248 0.002044 0.001855 0.001680 0.001520 0.001374 0.001241 0.001124 0.001035 0.000051 0.000000 0.000000 0.000000 0.000000 0.000000 0.000000 0.000000
0.005995 0.005906 0.005907 0.006017 0.006131 0.006144 0.005976 0.005784 0.005566 0.005336 0.005107 0.004897 0.004716 0.004561 0.004670 0.004710 0.004565 0.004425 0.004355 0.004485 0.004654 0.004828 0.005000 0.005161 0.005309 0.005447 0.005409 0.005291 0.005366 0.005451 0.005542 0.005627 0.005695 0.005688 0.005633 0.006348 0.006233 0.005003 0.004653 0.004276 0.003893 0.003531 0.003201 0.002900 0.002627 0.002378 0.002153 0.001949 0.001765 0.001597 0.001442 0.001299 0.001169 0.001058 0.000381 0.000000 0.000000 0.000000 0.000000 0.000000 0.000000 0.000000 0.000000
0.005774 0.005682 0.005691 0.005795 0.005900 0.005844 0.005677 0.005480 0.005263 0.005031 0.004808 0.004610 0.004439 0.004295 0.004362 0.004390 0.004258 0.004131 0.004058 0.004188 0.004351 0.004530 0.004711 0.004882 0.005039 0.005182 0.005161 0.005065 0.005169 0.005279 0.005390 0.005498 0.005588 0.005640 0.005674 0.006319 0.006206 0.005156 0.004824 0.004431 0.004022 0.003629 0.003259 0.002921 0.002615 0.002342 0.002098 0.001882 0.001690 0.001519 0.001366 0.001225 0.001086 0.000944 0.000000 0.000000 0.000000 0.000000 0.000000 0.000000 0.000000 0.000000 0.000000
0.005563 0.005473 0.005490 0.005587 0.005675 0.005563 0.005400 0.005205 0.004981 0.004756 0.004541 0.004354 0.004193 0.004061 0.004083 0.004100 0.003980 0.003862 0.003784 0.003908 0.004067 0.004244 0.004428 0.004605 0.004766 0.004913 0.004913 0.004856 0.004972 0.005097 0.005227 0.005355 0.005469 0.005555 0.005600 0.006116 0.005969 0.005012 0.004655 0.004257 0.003860 0.003476 0.003116 0.002787 0.002492 0.002230 0.001996 0.001789 0.001605 0.001441 0.001293 0.001158 0.001047 0.000268 0.000000 0.000000 0.000000 0.000000 0.000000 0.000000 0.000000 0.000000 0.000000
0.005362 0.005277 0.005301 0.005390 0.005446 0.005314 0.005142 0.004945 0.004726 0.004505 0.004302 0.004125 0.003974 0.003853 0.003834 0.003838 0.003730 0.003618 0.003535 0.003647 0.003798 0.003971 0.004152 0.004330 0.004493 0.004642 0.004666 0.004649 0.004772 0.004909 0.005053 0.005198 0.005330 0.005434 0.005494 0.005896 0.005728 0.004847 0.004481 0.004085 0.003692 0.003316 0.002967 0.002651 0.002370 0.002119 0.001897 0.001699 0.001523 0.001366 0.001222 0.001082 0.000825 0.000000 0.000000 0.000000 0.000000 0.000000 0.000000 0.000000 0.000000 0.000000 0.000000
0.005172 0.005095 0.005125 0.005205 0.005214 0.005076 0.004909 0.004703 0.004490 0.004279 0.004086 0.003919 0.003778 0.003667 0.003614 0.003603 0.003504 0.003399 0.003309 0.003397 0.003538 0.003704 0.003881 0.004058 0.004221 0.004370 0.004418 0.004442 0.004569 0.004714 0.004869 0.005026 0.005173 0.005290 0.005748 0.005686 0.005559 0.005253 0.004536 0.004183 0.003798 0.003407 0.003034 0.002690 0.002382 0.002108 0.001865 0.001652 0.001467 0.001305 0.001164 0.001049 0.000243 0.000000 0.000000 0.000000 0.000000 0.000000 0.000000 0.000000 0.000000 0.000000 0.000000
0.004993 0.004929 0.004962 0.005030 0.004991 0.004850 0.004682 0.004484 0.004274 0.004074 0.003890 0.003733 0.003602 0.003499 0.003423 0.003392 0.003298 0.003201 0.003108 0.003161 0.003293 0.003447 0.003616 0.003786 0.003948 0.004097 0.004169 0.004230 0.004362 0.004513 0.004675 0.004842 0.005000 0.005131 0.005572 0.005487 0.005325 0.005032 0.004342 0.003985 0.003613 0.003241 0.002881 0.002547 0.002247 0.001985 0.001756 0.001557 0.001384 0.001230 0.001085 0.000838 0.000000 0.000000 0.000000 0.000000 0.000000 0.000000 0.000000 0.000000 0.000000 0.000000 0.000000
0.004828 0.004778 0.004812 0.004858 0.004779 0.004645 0.004469 0.004276 0.004076 0.003886 0.003712 0.003564 0.003442 0.003344 0.003260 0.003203 0.003113 0.003021 0.002932 0.002942 0.003060 0.003200 0.003358 0.003522 0.003678 0.003824 0.003919 0.004013 0.004149 0.004305 0.004473 0.004645 0.004810 0.005217 0.005368 0.005255 0.005084 0.004784 0.004436 0.003775 0.003408 0.003047 0.002703 0.002389 0.002108 0.001864 0.001651 0.001466 0.001305 0.001163 0.001049 0.000278 0.000000 0.000000 0.000000 0.000000 0.000000 0.000000 0.000000 0.000000 0.000000 0.000000 0.000000
0.004675 0.004641 0.004671 0.004686 0.004582 0.004445 0.004273 0.004082 0.003893 0.003711 0.003547 0.003409 0.003293 0.003198 0.003112 0.003035 0.002947 0.002859 0.002774 0.002746 0.002843 0.002970 0.003117 0.003270 0.003418 0.003558 0.003672 0.003791 0.003930 0.004089 0.004261 0.004436 0.004604 0.004996 0.005147 0.005014 0.004811 0.004525 0.004194 0.003549 0.003194 0.002850 0.002526 0.002233 0.001973 0.001747 0.001551 0.001380 0.001228 0.001084 0.000899 0.000000 0.000000 0.000000 0.000000 0.000000 0.000000 0.000000 0.000000 0.000000 0.000000 0.000000 0.000000
0.004534 0.004515 0.004534 0.004511 0.004401 0.004253 0.004084 0.003901 0.003720 0.003548 0.003393 0.003264 0.003155 0.003060 0.002972 0.002886 0.002797 0.002710 0.002630 0.002578 0.002640 0.002755 0.002888 0.003030 0.003170 0.003307 0.003433 0.003563 0.003706 0.003867 0.004041 0.004216 0.004563 0.004746 0.004905 0.004751 0.004528 0.004255 0.003939 0.003314 0.002976 0.002652 0.002352 0.002081 0.001843 0.001636 0.001456 0.001298 0.001159 0.001047 0.000288 0.000000 0.000000 0.000000 0.000000 0.000000 0.000000 0.000000 0.000000 0.000000 0.000000 0.000000 0.000000
0.004402 0.004396 0.004397 0.004337 0.004222 0.004073 0.003904 0.003730 0.003556 0.003394 0.003249 0.003127 0.003023 0.002928 0.002836 0.002746 0.002657 0.002572 0.002497 0.002433 0.002452 0.002554 0.002673 0.002804 0.002934 0.003067 0.003195 0.003331 0.003477 0.003640 0.003813 0.004128 0.004322 0.004488 0.004631 0.004460 0.004236 0.003966 0.003397 0.003074 0.002758 0.002459 0.002184 0.001937 0.001721 0.001533 0.001368 0.001222 0.001082 0.000876 0.000000 0.000000 0.000000 0.000000 0.000000 0.000000 0.000000 0.000000 0.000000 0.000000 0.000000 0.000000 0.000000
0.004278 0.004278 0.004255 0.004170 0.004047 0.003898 0.003734 0.003566 0.003401 0.003248 0.003113 0.002998 0.002895 0.002800 0.002704 0.002611 0.002523 0.002441 0.002370 0.002303 0.002282 0.002367 0.002473 0.002590 0.002711 0.002838 0.002964 0.003100 0.003246 0.003408 0.003690 0.003879 0.004069 0.004239 0.004332 0.004156 0.003936 0.003673 0.003138 0.002837 0.002547 0.002275 0.002026 0.001803 0.001608 0.001438 0.001287 0.001153 0.001045 0.000262 0.000000 0.000000 0.000000 0.000000 0.000000 0.000000 0.000000 0.000000 0.000000 0.000000 0.000000 0.000000 0.000000
0.004161 0.004158 0.004108 0.004010 0.003880 0.003729 0.003571 0.003410 0.003253 0.003110 0.002982 0.002872 0.002771 0.002673 0.002573 0.002478 0.002391 0.002314 0.002244 0.002176 0.002136 0.002190 0.002285 0.002389 0.002501 0.002618 0.002742 0.002875 0.003018 0.003176 0.003444 0.003629 0.003809 0.003973 0.004019 0.003844 0.003625 0.003164 0.002885 0.002610 0.002347 0.002103 0.001879 0.001681 0.001505 0.001352 0.001213 0.001079 0.000859 0.000000 0.000000 0.000000 0.000000 0.000000 0.000000 0.000000 0.000000 0.000000 0.000000 0.000000 0.000000 0.000000 0.000000
0.004049 0.004032 0.003956 0.003848 0.003717 0.003569 0.003415 0.003260 0.003112 0.002976 0.002855 0.002747 0.002645 0.002544 0.002441 0.002344 0.002260 0.002184 0.002115 0.002044 0.002000 0.002019 0.002108 0.002201 0.002297 0.002410 0.002530 0.002660 0.002800 0.002950 0.003198 0.003377 0.003544 0.003700 0.003701 0.003521 0.003148 0.002899 0.002644 0.002397 0.002163 0.001946 0.001747 0.001570 0.001414 0.001277 0.001158 0.001051 0.000337 0.000000 0.000000 0.000000 0.000000 0.000000 0.000000 0.000000 0.000000 0.000000 0.000000 0.000000 0.000000 0.000000 0.000000
0.003938 0.003895 0.003808 0.003692 0.003558 0.003414 0.003265 0.003116 0.002975 0.002846 0.002729 0.002622 0.002516 0.002411 0.002306 0.002210 0.002129 0.002052 0.001978 0.001905 0.001864 0.001853 0.001937 0.002023 0.002103 0.002210 0.002327 0.002457 0.002593 0.002736 0.002963 0.003124 0.003283 0.003429 0.003385 0.003209 0.002875 0.002648 0.002421 0.002203 0.001997 0.001805 0.001629 0.001472 0.001333 0.001213 0.001112 0.001033 0.000080 0.000000 0.000000 0.000000 0.000000 0.000000 0.000000 0.000000 0.000000 0.000000 0.000000 0.000000 0.000000 0.000000 0.000000
0.003822 0.003753 0.003658 0.003538 0.003403 0.003262 0.003117 0.002975 0.002841 0.002717 0.002601 0.002492 0.002384 0.002275 0.002172 0.002076 0.001995 0.001915 0.001837 0.001760 0.001722 0.001689 0.001772 0.001849 0.001917 0.002018 0.002134 0.002264 0.002399 0.002538 0.002748 0.002892 0.003028 0.003162 0.003080 0.002917 0.002622 0.002420 0.002221 0.002030 0.001849 0.001680 0.001523 0.001384 0.001263 0.001157 0.001057 0.000904 0.000000 0.000000 0.000000 0.000000 0.000000 0.000000 0.000000 0.000000 0.000000 0.000000 0.000000 0.000000 0.000000 0.000000 0.000000
0.003696 0.003612 0.003504 0.003383 0.003248 0.003110 0.002970 0.002834 0.002706 0.002586 0.002471 0.002359 0.002246 0.002138 0.002036 0.001942 0.001857 0.001776 0.001697 0.001619 0.001575 0.001530 0.001609 0.001675 0.001741 0.001839 0.001951 0.002079 0.002215 0.002397 0.002548 0.002679 0.002801 0.002910 0.002801 0.002653 0.002397 0.002219 0.002044 0.001878 0.001718 0.001567 0.001428 0.001306 0.001201 0.001113 0.001037 0.000533 0.000000 0.000000 0.000000 0.000000 0.000000 0.000000 0.000000 0.000000 0.000000 0.000000 0.000000 0.000000 0.000000 0.000000 0.000000
0.003554 0.003460 0.003346 0.003221 0.003089 0.002954 0.002820 0.002691 0.002569 0.002452 0.002336 0.002223 0.002111 0.002001 0.001901 0.001808 0.001722 0.001637 0.001560 0.001487 0.001432 0.001381 0.001451 0.001503 0.001579 0.001672 0.001779 0.001905 0.002038 0.002213 0.002355 0.002486 0.002601 0.002676 0.002563 0.002424 0.002202 0.002045 0.001891 0.001743 0.001601 0.001465 0.001343 0.001237 0.001147 0.001074 0.001021 0.000092 0.000000 0.000000 0.000000 0.000000 0.000000 0.000000 0.000000 0.000000 0.000000 0.000000 0.000000 0.000000 0.000000 0.000000 0.000000
0.003399 0.003295 0.003177 0.003052 0.002924 0.002794 0.002668 0.002546 0.002428 0.002314 0.002200 0.002087 0.001977 0.001871 0.001769 0.001677 0.001593 0.001510 0.001432 0.001362 0.001302 0.001250 0.001303 0.001347 0.001429 0.001518 0.001623 0.001742 0.001894 0.002035 0.002171 0.002295 0.002409 0.002460 0.002353 0.002221 0.002071 0.001891 0.001754 0.001623 0.001494 0.001373 0.001266 0.001174 0.001097 0.001033 0.000424 0.000000 0.000000 0.000000 0.000000 0.000000 0.000000 0.000000 0.000000 0.000000 0.000000 0.000000 0.000000 0.000000 0.000000 0.000000 0.000000
0.003229 0.003116 0.002997 0.002875 0.002752 0.002631 0.002512 0.002398 0.002285 0.002174 0.002064 0.001955 0.001846 0.001745 0.001650 0.001557 0.001473 0.001393 0.001316 0.001248 0.001185 0.001140 0.001170 0.001211 0.001290 0.001382 0.001482 0.001592 0.001736 0.001865 0.001986 0.002110 0.002218 0.002261 0.002160 0.002038 0.001909 0.001778 0.001630 0.001511 0.001396 0.001290 0.001196 0.001117 0.001044 0.000794 0.000000 0.000000 0.000000 0.000000 0.000000 0.000000 0.000000 0.000000 0.000000 0.000000 0.000000 0.000000 0.000000 0.000000 0.000000 0.000000 0.000000
0.003039 0.002925 0.002807 0.002691 0.002577 0.002465 0.002356 0.002248 0.002141 0.002036 0.001930 0.001826 0.001726 0.001627 0.001537 0.001450 0.001367 0.001287 0.001215 0.001143 0.001072 0.001044 0.001054 0.001081 0.001170 0.001261 0.001354 0.001457 0.001586 0.001699 0.001820 0.001928 0.002029 0.002072 0.001980 0.001874 0.001760 0.001648 0.001535 0.001409 0.001306 0.001214 0.001135 0.001069 0.001018 0.000026 0.000000 0.000000 0.000000 0.000000 0.000000 0.000000 0.000000 0.000000 0.000000 0.000000 0.000000 0.000000 0.000000 0.000000 0.000000 0.000000 0.000000
0.002837 0.002723 0.002611 0.002505 0.002403 0.002301 0.002201 0.002100 0.001999 0.001899 0.001800 0.001703 0.001609 0.001521 0.001433 0.001349 0.001270 0.001194 0.001127 0.001055 0.000551 -0.000041 0.000178 0.000750 0.001065 0.001153 0.001242 0.001344 0.001448 0.001554 0.001660 0.001755 0.001849 0.001899 0.001818 0.001724 0.001626 0.001525 0.001427 0.001330 0.001225 0.001147 0.001081 0.001028 0.000125 0.000000 0.000000 0.000000 0.000000 0.000000 0.000000 0.000000 0.000000 0.000000 0.000000 0.000000 0.000000 0.000000 0.000000 0.000000 0.000000 0.000000 0.000000
0.002625 0.002515 0.002412 0.002324 0.002233 0.002142 0.002049 0.001955 0.001861 0.001768 0.001676 0.001587 0.001500 0.001417 0.001334 0.001253 0.001180 0.001115 0.001045 0.000265 -0.000123 -0.000218 -0.000158 -0.000364 0.000703 0.001058 0.001147 0.001236 0.001323 0.001421 0.001515 0.001605 0.001688 0.001747 0.001675 0.001591 0.001504 0.001419 0.001328 0.001243 0.001156 0.001089 0.001032 0.000340 0.000000 0.000000 0.000000 0.000000 0.000000 0.000000 0.000000 0.000000 0.000000 0.000000 0.000000 0.000000 0.000000 0.000000 0.000000 0.000000 0.000000 0.000000 0.000000
0.002407 0.002304 0.002210 0.002147 0.002073 0.001989 0.001904 0.001817 0.001729 0.001643 0.001558 0.001477 0.001396 0.001317 0.001237 0.001161 0.001098 0.001041 0.000086 -0.000063 -0.000009 -0.000120 -0.000205 -0.000073 0.000534 0.000681 0.001057 0.001142 0.001221 0.001301 0.001386 0.001470 0.001546 0.001609 0.001540 0.001467 0.001391 0.001316 0.001244 0.001167 0.001101 0.001036 0.000666 0.000000 0.000000 0.000000 0.000000 0.000000 0.000000 0.000000 0.000000 0.000000 0.000000 0.000000 0.000000 0.000000 0.000000 0.000000 0.000000 0.000000 0.000000 0.000000 0.000000
0.002189 0.002091 0.002010 0.001971 0.001922 0.001844 0.001765 0.001686 0.001606 0.001526 0.001448 0.001373 0.001298 0.001222 0.001145 0.001075 0.001028 0.000254 0.000106 0.000023 0.000053 -0.000046 0.000003 0.000004 0.000503 0.000324 0.000663 0.001055 0.001127 0.001199 0.001270 0.001345 0.001418 0.001477 0.001418 0.001356 0.001294 0.001228 0.001164 0.001105 0.001043 0.000948 0.000000 0.000000 0.000000 0.000000 0.000000 0.000000 0.000000 0.000000 0.000000 0.000000 0.000000 0.000000 0.000000 0.000000 0.000000 0.000000 0.000000 0.000000 0.000000 0.000000 0.000000
0.001975 0.001881 0.001818 0.001801 0.001779 0.001708 0.001637 0.001564 0.001492 0.001419 0.001347 0.001277 0.001206 0.001132 0.001057 0.001001 0.000251 0.000328 0.000089 0.000125 0.000121 0.000286 0.000181 0.000110 0.000292 0.000349 0.000186 0.000634 0.001045 0.001108 0.001170 0.001233 0.001295 0.001349 0.001302 0.001251 0.001198 0.001146 0.001092 0.001036 0.000969 0.000326 0.000000 0.000000 0.000000 0.000000 0.000000 0.000000 0.000000 0.000000 0.000000 0.000000 0.000000 0.000000 0.000000 0.000000 0.000000 0.000000 0.000000 0.000000 0.000000 0.000000 0.000000
0.001771 0.001680 0.001637 0.001641 0.001643 0.001582 0.001518 0.001453 0.001387 0.001321 0.001255 0.001189 0.001125 0.001053 0.000934 0.000122 0.000149 0.000238 0.000170 0.000119 0.000025 0.000048 0.000036 -0.000039 0.000302 0.000184 0.000305 0.000003 0.000604 0.001037 0.001086 0.001136 0.001190 0.001241 0.001213 0.001169 0.001126 0.001082 0.001035 0.000967 0.000428 0.000363 0.000000 0.000000 0.000000 0.000000 0.000000 0.000000 0.000000 0.000000 0.000000 0.000000 0.000000 0.000000 0.000000 0.000000 0.000000 0.000000 0.000000 0.000000 0.000000 0.000000 0.000000
