tessina_output_serial.qgis
ncols		496
nrows		610
xllcorner	0.0
yllcorner	0.0
cellsize	10.0
NODATA_value	0.0
[rows 308 to 335 of 610, columns 63 to 125 of 496]
0.015474 0.014951 0.014535 0.014193 0.013907 0.013668 0.013476 0.013436 0.013622 0.013876 0.014206 0.014643 0.015178 0.015781 0.016437 0.017158 0.017968 0.018890 0.019966 0.021286 0.022936 0.024864 0.028484 0.030154 0.031246 0.030693 0.029567 0.025073 0.022709 0.020446 0.018459 0.016742 0.015239 0.013905 0.012694 0.011543 0.010438 0.009410 0.008466 0.007651 0.006984 0.006455 0.005967 0.005490 0.005017 0.004581 0.004186 0.003828 0.003503 0.003206 0.002935 0.002687 0.002459 0.002250 0.002059 0.001883 0.001721 0.001573 0.001436 0.001309 0.001193 0.001092 0.001022
0.015143 0.014629 0.014217 0.013881 0.013602 0.013370 0.013185 0.013207 0.013392 0.013651 0.013994 0.014440 0.015003 0.015639 0.016343 0.017138 0.018053 0.019123 0.020403 0.021937 0.023669 0.026700 0.028276 0.029407 0.030324 0.029551 0.028112 0.023926 0.021631 0.019487 0.017611 0.015980 0.014550 0.013272 0.012095 0.010970 0.009897 0.008905 0.008028 0.007277 0.006674 0.006159 0.005692 0.005235 0.004790 0.004377 0.004002 0.003661 0.003351 0.003067 0.002809 0.002571 0.002354 0.002154 0.001970 0.001801 0.001646 0.001504 0.001372 0.001250 0.001140 0.001045 0.000389
0.014797 0.014283 0.013885 0.013565 0.013298 0.013077 0.012904 0.012986 0.013167 0.013423 0.013759 0.014189 0.014716 0.015324 0.015998 0.016758 0.017634 0.018660 0.019889 0.021352 0.022985 0.025795 0.027266 0.028402 0.029254 0.028318 0.026855 0.024706 0.021072 0.018873 0.016890 0.015238 0.013855 0.012633 0.011483 0.010396 0.009387 0.008469 0.007658 0.006948 0.006358 0.005870 0.005414 0.004984 0.004574 0.004183 0.003826 0.003501 0.003206 0.002935 0.002688 0.002461 0.002253 0.002061 0.001885 0.001723 0.001575 0.001438 0.001311 0.001194 0.001093 0.001023 0.000005
0.014395 0.013921 0.013553 0.013255 0.013003 0.012799 0.012652 0.012772 0.012950 0.013199 0.013524 0.013936 0.014437 0.015033 0.015720 0.016502 0.017405 0.018477 0.019747 0.021169 0.023503 0.024951 0.026246 0.027296 0.028032 0.026972 0.025405 0.023228 0.019830 0.017765 0.015955 0.014442 0.013148 0.011983 0.010887 0.009860 0.008931 0.008094 0.007317 0.006626 0.006041 0.005559 0.005151 0.004754 0.004370 0.003999 0.003659 0.003350 0.003068 0.002810 0.002573 0.002356 0.002156 0.001973 0.001804 0.001649 0.001506 0.001374 0.001252 0.001143 0.001047 0.000399 0.000000
0.013969 0.013551 0.013229 0.012955 0.012724 0.012545 0.012436 0.012567 0.012745 0.012986 0.013298 0.013689 0.014164 0.014725 0.015384 0.016157 0.017064 0.018130 0.019323 0.021248 0.022620 0.023964 0.025185 0.026179 0.026643 0.025558 0.023768 0.021598 0.018530 0.016640 0.015017 0.013647 0.012447 0.011343 0.010314 0.009373 0.008518 0.007723 0.006965 0.006294 0.005739 0.005291 0.004915 0.004547 0.004178 0.003824 0.003501 0.003206 0.002937 0.002690 0.002463 0.002255 0.002064 0.001888 0.001726 0.001577 0.001440 0.001313 0.001198 0.001100 0.001028 0.000016 0.000000
0.013553 0.013202 0.012919 0.012672 0.012466 0.012315 0.012263 0.012385 0.012558 0.012789 0.013087 0.013457 0.013905 0.014432 0.015048 0.015777 0.016647 0.017628 0.019169 0.020423 0.021674 0.022894 0.024029 0.024993 0.025041 0.023961 0.022650 0.019543 0.017214 0.015534 0.014101 0.012877 0.011773 0.010744 0.009797 0.008933 0.008141 0.007376 0.006641 0.005988 0.005475 0.005067 0.004713 0.004355 0.003997 0.003659 0.003351 0.003069 0.002812 0.002576 0.002359 0.002159 0.001976 0.001807 0.001653 0.001511 0.001381 0.001263 0.001154 0.001053 0.000476 0.000000 0.000000
0.013159 0.012881 0.012633 0.012413 0.012236 0.012113 0.012124 0.012234 0.012397 0.012616 0.012897 0.013246 0.013682 0.014209 0.014805 0.015456 0.016222 0.017104 0.018474 0.019554 0.020671 0.021761 0.022779 0.023702 0.023262 0.022153 0.020713 0.017589 0.015938 0.014489 0.013249 0.012154 0.011149 0.010206 0.009339 0.008541 0.007794 0.007066 0.006363 0.005740 0.005257 0.004880 0.004529 0.004175 0.003826 0.003504 0.003209 0.002940 0.002693 0.002467 0.002259 0.002069 0.001894 0.001733 0.001585 0.001450 0.001328 0.001219 0.001121 0.001037 0.000136 0.000000 0.000000
0.012822 0.012597 0.012381 0.012185 0.012039 0.011954 0.012013 0.012116 0.012269 0.012472 0.012733 0.013062 0.013474 0.013997 0.014617 0.015290 0.015996 0.016883 0.017792 0.018702 0.019657 0.020609 0.021480 0.022240 0.021450 0.020257 0.017714 0.016173 0.014761 0.013544 0.012480 0.011511 0.010599 0.009739 0.008932 0.008179 0.007459 0.006756 0.006102 0.005551 0.005107 0.004723 0.004355 0.004008 0.003679 0.003378 0.003100 0.002844 0.002609 0.002392 0.002193 0.002010 0.001842 0.001688 0.001546 0.001414 0.001292 0.001178 0.001078 0.000992 0.000000 0.000000 0.000000
0.012546 0.012360 0.012157 0.011980 0.011864 0.011854 0.011927 0.012029 0.012176 0.012403 0.012738 0.013176 0.013729 0.014337 0.015037 0.015780 0.016496 0.016908 0.017296 0.017927 0.018669 0.019468 0.020249 0.020561 0.019592 0.017575 0.016207 0.014903 0.013740 0.012718 0.011810 0.010952 0.010131 0.009344 0.008608 0.007920 0.007263 0.006640 0.006110 0.005661 0.005278 0.004902 0.004536 0.004177 0.003837 0.003524 0.003235 0.002968 0.002722 0.002495 0.002286 0.002093 0.001916 0.001753 0.001604 0.001468 0.001344 0.001231 0.001127 0.001039 0.000214 0.000000 0.000000
0.012343 0.012170 0.011989 0.011809 0.011693 0.011777 0.011864 0.011996 0.012215 0.012530 0.012944 0.013467 0.014083 0.014851 0.015637 0.016497 0.017290 0.017171 0.017050 0.017317 0.017750 0.018340 0.019014 0.018789 0.017839 0.016051 0.014892 0.013818 0.012879 0.012035 0.011248 0.010501 0.009774 0.009093 0.008456 0.007871 0.007335 0.006840 0.006357 0.005916 0.005503 0.005118 0.004738 0.004363 0.004007 0.003679 0.003377 0.003099 0.002842 0.002605 0.002387 0.002185 0.002000 0.001830 0.001673 0.001530 0.001398 0.001278 0.001168 0.001062 0.000662 0.000000 0.000000
0.012246 0.012069 0.011831 0.011673 0.011550 0.011663 0.011841 0.012053 0.012342 0.012720 0.013208 0.013836 0.014603 0.015507 0.016558 0.017516 0.018473 0.017708 0.017174 0.017001 0.016985 0.017238 0.017690 0.017070 0.015715 0.014726 0.013784 0.012935 0.012174 0.011497 0.010827 0.010181 0.009581 0.009020 0.008519 0.008053 0.007587 0.007110 0.006646 0.006206 0.005779 0.005369 0.004963 0.004567 0.004192 0.003847 0.003529 0.003237 0.002968 0.002720 0.002492 0.002282 0.002089 0.001910 0.001747 0.001596 0.001459 0.001334 0.001221 0.001119 0.001035 0.000130 0.000000
0.012378 0.012234 0.011940 0.011606 0.011455 0.011564 0.011778 0.012127 0.012497 0.012950 0.013548 0.014312 0.015269 0.016404 0.017622 0.018710 0.023772 0.018556 0.017583 0.016841 0.016233 0.016087 0.016277 0.015588 0.014424 0.013620 0.012873 0.012221 0.011649 0.011151 0.010776 0.010381 0.009884 0.009321 0.008762 0.008263 0.007826 0.007391 0.006962 0.006532 0.006099 0.005658 0.005217 0.004793 0.004395 0.004028 0.003692 0.003384 0.003101 0.002841 0.002603 0.002383 0.002182 0.001996 0.001825 0.001668 0.001524 0.001392 0.001271 0.001162 0.001059 0.000583 0.000000
0.012513 0.012508 0.012265 0.011898 0.011715 0.011719 0.011742 0.012092 0.012619 0.013222 0.013996 0.014928 0.015999 0.018673 0.021132 0.022985 0.024901 0.023394 0.017502 0.016187 0.015326 0.014849 0.014672 0.014010 0.013336 0.012697 0.012124 0.011633 0.011249 0.010927 0.010716 0.010534 0.010217 0.009724 0.009135 0.008620 0.008158 0.007717 0.007308 0.006906 0.006486 0.006011 0.005516 0.005050 0.004619 0.004226 0.003867 0.003540 0.003242 0.002969 0.002719 0.002490 0.002279 0.002085 0.001906 0.001742 0.001591 0.001453 0.001327 0.001214 0.001114 0.001034 0.000090
0.012599 0.012708 0.012566 0.012346 0.012167 0.012448 0.012373 0.012739 0.013087 0.013668 0.014545 0.015509 0.018090 0.019473 0.020393 0.021816 0.022578 0.017651 0.016241 0.015138 0.014373 0.013575 0.013447 0.012941 0.012425 0.011901 0.011442 0.011133 0.010924 0.010757 0.010626 0.010598 0.010467 0.010155 0.009676 0.009144 0.008624 0.008267 0.007770 0.007379 0.006964 0.006453 0.005890 0.005348 0.004867 0.004441 0.004056 0.003707 0.003390 0.003103 0.002841 0.002601 0.002380 0.002178 0.001991 0.001820 0.001662 0.001518 0.001386 0.001265 0.001154 0.001050 0.000486
0.012532 0.012732 0.012791 0.012754 0.012992 0.013423 0.013164 0.014111 0.013672 0.014380 0.015103 0.015757 0.017185 0.018045 0.017036 0.017769 0.017177 0.015882 0.014711 0.014031 0.013199 0.012682 0.012484 0.012043 0.011601 0.011169 0.010803 0.010713 0.010704 0.010641 0.010655 0.010694 0.010705 0.010508 0.010204 0.009733 0.009285 0.009144 0.008462 0.007955 0.007503 0.006987 0.006340 0.005695 0.005141 0.004670 0.004256 0.003883 0.003547 0.003243 0.002968 0.002716 0.002486 0.002274 0.002078 0.001899 0.001733 0.001580 0.001439 0.001306 0.001181 0.001061 0.000968
0.012257 0.012523 0.012788 0.013161 0.013631 0.014141 0.014346 0.015926 0.014482 0.014857 0.015394 0.015908 0.015941 0.015291 0.015518 0.016077 0.015200 0.014222 0.013380 0.012750 0.012093 0.012866 0.011796 0.011254 0.010827 0.010438 0.010301 0.010381 0.010561 0.010702 0.010711 0.010828 0.010777 0.010692 0.010577 0.010226 0.009771 0.010177 0.009238 0.008551 0.008049 0.007498 0.006817 0.006079 0.005432 0.004909 0.004464 0.004067 0.003710 0.003388 0.003093 0.002822 0.002571 0.002341 0.002129 0.001936 0.001760 0.001600 0.001455 0.001323 0.001207 0.001108 0.001031
0.011823 0.012094 0.012390 0.012727 0.013127 0.013575 0.013733 0.014419 0.014146 0.014505 0.014947 0.015135 0.014514 0.013999 0.013919 0.014356 0.013574 0.012791 0.012135 0.011609 0.011149 0.011442 0.010849 0.010468 0.010120 0.009789 0.009918 0.010017 0.010275 0.010516 0.010548 0.010595 0.010538 0.010469 0.010283 0.009982 0.009720 0.009584 0.009283 0.008908 0.008475 0.007923 0.007185 0.006381 0.005666 0.005065 0.004545 0.004084 0.003677 0.003318 0.003000 0.002716 0.002463 0.002235 0.002031 0.001846 0.001679 0.001527 0.001391 0.001269 0.001159 0.001057 0.000616
0.011265 0.011553 0.011828 0.012150 0.012503 0.012889 0.013120 0.013552 0.013745 0.014048 0.014384 0.014082 0.013440 0.012716 0.012576 0.012928 0.012315 0.011722 0.011187 0.010716 0.010397 0.010333 0.010130 0.009806 0.009494 0.009291 0.009525 0.009573 0.009835 0.010132 0.010192 0.010212 0.010159 0.010138 0.009936 0.009682 0.009456 0.009262 0.008969 0.008594 0.008128 0.007504 0.006741 0.005994 0.005341 0.004786 0.004300 0.003870 0.003489 0.003153 0.002853 0.002586 0.002346 0.002130 0.001935 0.001759 0.001601 0.001457 0.001329 0.001214 0.001114 0.001034 0.000144
0.010617 0.010938 0.011219 0.011536 0.011859 0.012186 0.012496 0.012838 0.013166 0.013460 0.013558 0.012921 0.012229 0.011589 0.011485 0.011762 0.011240 0.010759 0.010331 0.009970 0.009742 0.009660 0.009533 0.009233 0.008965 0.008855 0.009080 0.009112 0.009324 0.009596 0.009669 0.009748 0.009710 0.009751 0.009543 0.009311 0.009083 0.008860 0.008570 0.008195 0.007675 0.007012 0.006287 0.005605 0.005019 0.004510 0.004061 0.003662 0.003307 0.002992 0.002711 0.002458 0.002231 0.002027 0.001842 0.001675 0.001525 0.001389 0.001268 0.001160 0.001059 0.000602 0.000000
0.009956 0.010282 0.010589 0.010920 0.011241 0.011553 0.011845 0.012170 0.012500 0.012712 0.012468 0.011804 0.011116 0.010567 0.010551 0.010751 0.010323 0.009918 0.009535 0.009241 0.009090 0.009086 0.008965 0.008726 0.008517 0.008512 0.008656 0.008666 0.008833 0.009042 0.009106 0.009228 0.009207 0.009332 0.009140 0.008913 0.008677 0.008423 0.008107 0.007692 0.007146 0.006495 0.005839 0.005234 0.004708 0.004245 0.003831 0.003462 0.003133 0.002838 0.002574 0.002336 0.002121 0.001927 0.001752 0.001594 0.001451 0.001323 0.001208 0.001108 0.001031 0.000088 0.000000
0.009348 0.009621 0.009951 0.010291 0.010626 0.010946 0.011195 0.011492 0.011780 0.011827 0.011327 0.010720 0.010153 0.009702 0.009738 0.009873 0.009516 0.009154 0.008806 0.008583 0.008488 0.008533 0.008448 0.008269 0.008144 0.008266 0.008290 0.008244 0.008381 0.008534 0.008564 0.008677 0.008670 0.008866 0.008733 0.008495 0.008240 0.007955 0.007607 0.007156 0.006612 0.006008 0.005419 0.004891 0.004418 0.003996 0.003615 0.003273 0.002967 0.002691 0.002442 0.002218 0.002015 0.001831 0.001665 0.001515 0.001379 0.001257 0.001148 0.001052 0.000461 0.000000 0.000000
0.008823 0.009013 0.009312 0.009649 0.010000 0.010329 0.010535 0.010792 0.011014 0.010848 0.010311 0.009757 0.009282 0.008925 0.009006 0.009131 0.008806 0.008476 0.008157 0.007995 0.007943 0.008018 0.007971 0.007841 0.007818 0.007949 0.007960 0.007855 0.007967 0.008072 0.008066 0.008144 0.008141 0.008363 0.008307 0.008057 0.007784 0.007472 0.007098 0.006640 0.006112 0.005569 0.005048 0.004577 0.004151 0.003764 0.003412 0.003096 0.002809 0.002551 0.002317 0.002105 0.001913 0.001739 0.001581 0.001439 0.001310 0.001193 0.001091 0.001017 0.000000 0.000000 0.000000
0.008375 0.008485 0.008719 0.009032 0.009365 0.009699 0.009861 0.010065 0.010209 0.009875 0.009381 0.008911 0.008505 0.008225 0.008331 0.008466 0.008156 0.007854 0.007575 0.007459 0.007448 0.007542 0.007534 0.007447 0.007550 0.007596 0.007640 0.007499 0.007588 0.007650 0.007620 0.007663 0.007659 0.007862 0.007854 0.007597 0.007316 0.006994 0.006610 0.006163 0.005672 0.005182 0.004720 0.004296 0.003906 0.003549 0.003224 0.002929 0.002662 0.002418 0.002198 0.001997 0.001815 0.001650 0.001501 0.001365 0.001242 0.001132 0.001039 0.000283 0.000000 0.000000 0.000000
0.007982 0.008039 0.008191 0.008455 0.008754 0.009070 0.009182 0.009323 0.009383 0.008991 0.008562 0.008166 0.007822 0.007601 0.007725 0.007849 0.007572 0.007302 0.007046 0.006971 0.006997 0.007104 0.007133 0.007099 0.007256 0.007284 0.007325 0.007174 0.007244 0.007267 0.007221 0.007243 0.007240 0.007404 0.007386 0.007135 0.006858 0.006537 0.006159 0.005735 0.005287 0.004847 0.004431 0.004042 0.003683 0.003353 0.003050 0.002774 0.002523 0.002293 0.002085 0.001895 0.001722 0.001565 0.001423 0.001294 0.001177 0.001066 0.000741 0.000000 0.000000 0.000000 0.000000
0.007628 0.007646 0.007727 0.007950 0.008203 0.008475 0.008533 0.008606 0.008581 0.008208 0.007846 0.007514 0.007217 0.007036 0.007179 0.007288 0.007040 0.006798 0.006566 0.006534 0.006595 0.006710 0.006776 0.006785 0.006936 0.007005 0.007019 0.006869 0.006927 0.006920 0.006867 0.006877 0.006883 0.007007 0.007019 0.006784 0.006528 0.006233 0.005893 0.005520 0.004956 0.004555 0.004173 0.003814 0.003480 0.003172 0.002889 0.002630 0.002393 0.002176 0.001978 0.001797 0.001633 0.001484 0.001348 0.001226 0.001118 0.001034 0.000111 0.000000 0.000000 0.000000 0.000000
0.007305 0.007291 0.007327 0.007514 0.007722 0.007950 0.007954 0.007959 0.007856 0.007534 0.007228 0.006943 0.006678 0.006518 0.006675 0.006774 0.006549 0.006321 0.006133 0.006147 0.006239 0.006364 0.006459 0.006507 0.006640 0.006737 0.006721 0.006577 0.006629 0.006601 0.006553 0.006560 0.006580 0.006663 0.006578 0.006367 0.006118 0.005830 0.005509 0.005158 0.004670 0.004303 0.003947 0.003607 0.003295 0.003006 0.002740 0.002496 0.002271 0.002065 0.001876 0.001704 0.001547 0.001405 0.001275 0.001157 0.001055 0.000444 0.000000 0.000000 0.000000 0.000000 0.000000
0.007007 0.006968 0.006977 0.007138 0.007314 0.007502 0.007458 0.007401 0.007234 0.006961 0.006692 0.006438 0.006195 0.006039 0.006207 0.006296 0.006087 0.005876 0.005733 0.005785 0.005904 0.006040 0.006155 0.006243 0.006368 0.006477 0.006437 0.006301 0.006346 0.006311 0.006279 0.006293 0.006325 0.006357 0.006219 0.006020 0.005774 0.005488 0.005182 0.004846 0.004434 0.004079 0.003741 0.003421 0.003127 0.002855 0.002603 0.002370 0.002157 0.001960 0.001780 0.001616 0.001466 0.001329 0.001203 0.001078 0.000949 0.000000 0.000000 0.000000 0.000000 0.000000 0.000000
0.006730 0.006671 0.006667 0.006809 0.006962 0.007117 0.007031 0.006917 0.006711 0.006472 0.006228 0.005983 0.005761 0.005601 0.005775 0.005853 0.005659 0.005466 0.005353 0.005437 0.005578 0.005724 0.005856 0.005972 0.006101 0.006221 0.006169 0.006038 0.006079 0.006051 0.006046 0.006074 0.006118 0.006095 0.005967 0.005775 0.005532 0.005246 0.004910 0.004581 0.004216 0.003887 0.003553 0.003253 0.002974 0.002715 0.002475 0.002254 0.002049 0.001862 0.001689 0.001531 0.001387 0.001256 0.001137 0.001040 0.000208 0.000000 0.000000 0.000000 0.000000 0.000000 0.000000
